Multi-Variate_raw_weight: [0.747616467692477, 0.3712892335239558, 0.34602939707509717, 0.10747559493992401, 0.0790523332698055, 0.20466964913747906, 0.35461380163171075, 0.14264299907349243]
Multi-Variate_raw_bias: -0.404324418602826