univariate_MAE_weight: [0.35700298645356365, 0.08256433308635262, -0.03300535241975571, -0.10391580412508149, 0.2736219893029664, -0.07692679987080481, -0.1210647003400755, 0.28920246031743]
univariate_MAE_bias: [0.2579422222223042, 0.3811207407403517, 0.410744592592734, 0.44781111111110333, 0.3547711111111135, 0.43795333333329933, 0.45379777777775787, 0.36067111111110434]