Multi-Variate_norm_weight: [0.8265914979480464, 0.40275062816012236, 0.31879488653308563, 0.0864864731466008, 0.1137556608619561, 0.2617495888520749, 0.35090827623102083, 0.2256323487514419]
Multi-Variate_norm_bias: -0.00040666666666666585