univariate_MSE_weight: [0.3259601287686965, 0.09719586948183409, -0.03931399611098548, -0.025364108558241324, 0.236794619224214, -0.015931208725900627, -0.002576392665385268, 0.21175283994060437]
univariate_MSE_bias: [0.28524606255030227, 0.3972925077886571, 0.4269714244569051, 0.42534573841298207, 0.37192764165271003, 0.4216803684255552, 0.415368664719082, 0.3911056745356103]