Ridge-Variate_norm_weight: [0.6690757046615774, 0.5964741626844134, 0.2544182338121013, 0.12771950843805754, 0.539390529400156, 0.23435110275892174, 0.2263315708700349, 0.6436329124930892]
Ridge-Variate_norm_bias: -0.5152718091811292