univariate_MSE_weight: [0.12082768876235486, 0.2094766271804458, 0.24571297017485855, 0.1904058618811526, 3.3740848911598125, 0.03621913452552662, 0.04522996982166888, 0.31812461945806403]
univariate_MSE_bias: [0.16415984574121223, 1.8915304628538891, 2.0875025548276507, 0.1034028821193259, 1.651788874770614, 0.04639693551843645, 0.06745519447528205, 2.0028948732786542]