Multi-Variate_raw_weight: [0.1169953931309002, 0.09931547689760682, 0.08474369130494776, -0.19419079862149857, 0.17191202192150593, 0.01061196585511932, 0.012431446666647333, 0.11680149375225478]
Multi-Variate_raw_bias: -0.0015813703292436195